################################################
# ITK-SnAP Label Description File
# File format: 
# IDX   -R-  -G-  -B-  -A--  VIS MSH  LABEL
# Fields: 
#    IDX:   Zero-based index 
#    -R-:   Red color component (0..255)
#    -G-:   Green color component (0..255)
#    -B-:   Blue color component (0..255)
#    -A-:   Label transparency (0.00 .. 1.00)
#    VIS:   Label visibility (0 or 1)
#    MSH:   Label mesh visibility (0 or 1)
#  LABEL:   Label description 
################################################
0 150 150 150 1 1 1 "background"
1 7 8 64 1 1 1 "A1/A2"
2 179 100 217 1 1 1 "A10"
3 165 95 172 1 1 1 "A11"
4 14 228 236 1 1 1 "A13L"
5 51 172 123 1 1 1 "A13M"
6 100 103 118 1 1 1 "A13a"
7 28 132 190 1 1 1 "A13b"
8 238 200 155 1 1 1 "A14C"
9 225 60 213 1 1 1 "A14R"
10 146 204 208 1 1 1 "A19DI"
11 99 49 13 1 1 1 "A19M"
12 0 191 175 1 1 1 "A23V"
13 13 211 56 1 1 1 "A23a"
14 2 229 144 1 1 1 "A23b"
15 132 131 187 1 1 1 "A23c"
16 189 196 167 1 1 1 "A24a"
17 37 108 71 1 1 1 "A24b"
18 237 99 183 1 1 1 "A24c"
19 27 241 237 1 1 1 "A24d"
20 58 184 104 1 1 1 "A25"
21 216 74 146 1 1 1 "A29a-c"
22 160 100 160 1 1 1 "A29d"
23 174 115 171 1 1 1 "A30"
24 195 172 232 1 1 1 "A31"
25 60 4 178 1 1 1 "A32"
26 167 133 133 1 1 1 "A32V"
27 122 26 55 1 1 1 "A35"
28 8 95 46 1 1 1 "A36"
29 70 225 112 1 1 1 "A3a"
30 231 133 195 1 1 1 "A3b"
31 42 139 15 1 1 1 "A45"
32 59 75 44 1 1 1 "A46D"
33 185 153 120 1 1 1 "A46V"
34 186 52 116 1 1 1 "A47L"
35 133 127 171 1 1 1 "A47M"
36 190 250 213 1 1 1 "A47O"
37 23 140 132 1 1 1 "A4ab"
38 65 137 171 1 1 1 "A4c"
39 102 237 98 1 1 1 "A6DC"
40 122 178 222 1 1 1 "A6DR"
41 161 197 114 1 1 1 "A6M"
42 55 199 103 1 1 1 "A6Va"
43 11 134 164 1 1 1 "A6Vb"
44 69 165 51 1 1 1 "A8C"
45 189 185 209 1 1 1 "A8aD"
46 166 192 88 1 1 1 "A8Av"
47 36 165 102 1 1 1 "A8b"
48 187 87 130 1 1 1 "A9"
49 230 195 13 1 1 1 "dummylabel49"
50 154 249 209 1 1 1 "AI"
51 231 42 21 1 1 1 "AIP"
52 148 131 133 1 1 1 "Apri"
53 82 111 230 1 1 1 "dummylabel53"
54 0 107 19 1 1 1 "AuA1"
55 20 186 75 1 1 1 "AuAL"
56 18 243 45 1 1 1 "AuCL"
57 241 117 122 1 1 1 "AuCM"
58 96 130 21 1 1 1 "AuCPB"
59 152 110 37 1 1 1 "AuML"
60 245 32 45 1 1 1 "AuR"
61 20 97 209 1 1 1 "AuRM"
62 205 53 17 1 1 1 "AuRPB"
63 238 11 43 1 1 1 "AuRT"
64 238 224 176 1 1 1 "AuRTL"
65 187 159 152 1 1 1 "AuRTM"
66 34 230 119 1 1 1 "dummylabel66"
67 89 187 234 1 1 1 "DI"
68 51 179 40 1 1 1 "dummylabel68"
69 145 207 212 1 1 1 "dummylabel69"
70 240 249 98 1 1 1 "Ent"
71 215 5 25 1 1 1 "FST"
72 157 124 190 1 1 1 "GI"
73 147 21 113 1 1 1 "Gu"
74 145 217 128 1 1 1 "dummylabel74"
75 104 62 82 1 1 1 "Ipro"
76 49 52 55 1 1 1 "LIP"
77 71 22 174 1 1 1 "dummylabel77"
78 202 220 134 1 1 1 "dummylabel78"
79 111 207 71 1 1 1 "MIP"
80 176 32 98 1 1 1 "dummylabel80"
81 34 167 186 1 1 1 "MST"
82 216 207 134 1 1 1 "dummylabel82"
83 216 58 65 1 1 1 "OPAl"
84 72 168 10 1 1 1 "OPro"
85 187 205 219 1 1 1 "OPt"
86 89 85 95 1 1 1 "dummylabel86"
87 195 13 121 1 1 1 "PE"
88 51 98 229 1 1 1 "PEC"
89 140 58 19 1 1 1 "PF"
90 135 166 22 1 1 1 "PFG"
91 53 78 129 1 1 1 "PG"
92 100 205 225 1 1 1 "PGM"
93 191 200 241 1 1 1 "Pga-IPa"
94 112 207 155 1 1 1 "dummylabel94"
95 45 105 196 1 1 1 "dummylabel95"
96 214 128 134 1 1 1 "PaIL"
97 252 19 159 1 1 1 "PaIM"
98 53 82 119 1 1 1 "dummylabel98"
99 133 72 20 1 1 1 "dummylabel99"
100 194 103 140 1 1 1 "Pir"
101 33 232 134 1 1 1 "dummylabel101"
102 14 92 248 1 1 1 "dummylabel102"
103 242 93 177 1 1 1 "ProM"
104 49 177 96 1 1 1 "ProSt"
105 39 126 55 1 1 1 "ReI"
106 216 214 74 1 1 1 "S2E"
107 251 158 185 1 1 1 "S2I"
108 99 211 181 1 1 1 "S2PR"
109 179 18 249 1 1 1 "S2PV"
110 66 134 238 1 1 1 "dummylabel110"
111 123 101 9 1 1 1 "STR"
112 170 183 113 1 1 1 "TE1"
113 204 197 166 1 1 1 "TE2"
114 51 68 239 1 1 1 "TE3"
115 152 110 38 1 1 1 "TEO"
116 237 30 183 1 1 1 "TF"
117 137 158 71 1 1 1 "TFO"
118 7 8 200 1 1 1 "TH"
119 134 230 110 1 1 1 "TL"
120 100 68 175 1 1 1 "TLO"
121 71 122 174 1 1 1 "TPO"
122 128 130 190 1 1 1 "TPPro"
123 213 211 56 1 1 1 "Tpro"
124 14 128 136 1 1 1 "TPt"
125 110 113 118 1 1 1 "dummylabel125"
126 122 126 155 1 1 1 "V1"
127 12 209 104 1 1 1 "V2"
128 112 109 4 1 1 1 "V3"
129 155 99 103 1 1 1 "V3A"
130 170 105 171 1 1 1 "V4"
131 30 100 119 1 1 1 "V4T"
132 100 104 208 1 1 1 "V5"
133 11 34 64 1 1 1 "V6"
134 130 190 113 1 1 1 "V6A"
135 27 18 64 1 1 1 "VIP"
